[cam_0]
name = "rightCamera"
size = [ 320, 256,]
matrix = [ [ 403.15, 0.0, 320.0,], [ 0.0, 403.15, 256.0,], [ 0.0, 0.0, 1.0,],]
distortions = [ 0.0, 0.0, 0.0, 0.0, 0.0,]
rotation = [ 0.0, 0.0, 0.0,]
translation = [ 0.0, 0.0, 0.0,]

[cam_1]
name = "leftCamera"
size = [ 320, 256,]
matrix = [ [ 403.15, 0.0, 320.0,], [ 0.0, 403.15, 256.0,], [ 0.0, 0.0, 1.0,],]
distortions = [ 0.0, 0.0, 0.0, 0.0, 0.0,]
rotation = [ 0.0, 2.0127, 0.0,]
translation = [ -1.5664, 0.0, 2.4738,]

[metadata]
